#include <thirty/geometry.h>
#include <thirty/util.h>

#define VERTEX_ATTRIB 0
#define TEXCOORD_ATTRIB 1
#define NORMAL_ATTRIB 2
#define TANGENT_ATTRIB 3
#define BINORMAL_ATTRIB 4
#define BONEIDX_ATTRIB 5
#define BONEWGHT_ATTRIB 6

__attribute__((access (write_only, 1)))
__attribute__((nonnull))
static void geometry_init(struct geometry *const geometry) {
        geometry->vao = 0;
        geometry->vbo = 0;
        geometry->ibo = 0;
}

void geometry_initFromArray(struct geometry *const geometry,
                            const char *const name,
                            const struct vertex *const vertices,
                            const size_t nvertices,
                            const unsigned *const indices,
                            const size_t nindices) {
        assert(nindices <= INT_MAX);
        assert(geometry->base.type == COMPONENT_GEOMETRY);

        component_init((struct component *)geometry, name);
        geometry_init(geometry);
        
        glGenVertexArrays(1, &geometry->vao);
        glBindVertexArray(geometry->vao);

        glGenBuffers(1, &geometry->vbo);
        glBindBuffer(GL_ARRAY_BUFFER, geometry->vbo);
        glBufferData(GL_ARRAY_BUFFER,
                     (GLsizeiptr)(nvertices * sizeof(*vertices)),
                     vertices, GL_STATIC_DRAW);

#define VERTEX_ATTRIB_PTR(idx, name)                                    \
        glEnableVertexAttribArray(idx);                                 \
        glVertexAttribPointer(                                          \
                idx, sizeof(vertices->name)/sizeof(float),              \
                GL_FLOAT, GL_FALSE, sizeof(struct vertex),              \
                (const void *const)offsetof(struct vertex, name));

        VERTEX_ATTRIB_PTR(VERTEX_ATTRIB, vert);
        VERTEX_ATTRIB_PTR(TEXCOORD_ATTRIB, tex);
        VERTEX_ATTRIB_PTR(NORMAL_ATTRIB, norm);
        VERTEX_ATTRIB_PTR(TANGENT_ATTRIB, tang);
        VERTEX_ATTRIB_PTR(BINORMAL_ATTRIB, binorm);
        VERTEX_ATTRIB_PTR(BONEIDX_ATTRIB, bones);
        VERTEX_ATTRIB_PTR(BONEWGHT_ATTRIB, weights);

#undef VERTEX_ATTRIB_PTR
        
        glGenBuffers(1, &geometry->ibo);
        glBindBuffer(GL_ELEMENT_ARRAY_BUFFER, geometry->ibo);
        
        glBufferData(GL_ELEMENT_ARRAY_BUFFER,
                     (GLsizeiptr)(nindices * sizeof(*indices)),
                     indices, GL_STATIC_DRAW);
        
        glBindVertexArray(0);
        geometry->nindices = (const int)nindices;
}

void geometry_initCube(struct geometry *geo, const char *const name) {
        static const struct vertex vertices[] = {
                {.vert.x   =-1.0000F,.vert.y   = 1.0000F,.vert.z   =1.0000F,
                 .tex.x    = 0.8750F,.tex.y    = 0.5000F,
                 .norm.x   = 0.0000F,.norm.y   = 0.0000F,.norm.z   =1.0000F,
                 .tang.x   =-1.0000F,.tang.y   = 0.0000F,.tang.z   =0.0000F,
                 .binorm.x = 0.0000F,.binorm.y =-1.0000F,.binorm.z =0.0000F,
                 .bones.x  = 0.0000F,.bones.y  = 0.0000F,.bones.z  =0.0000F,
                 .weights.x= 0.0000F,.weights.y= 0.0000F,.weights.z=0.0000F,
                },
                {.vert.x   =-1.0000F,.vert.y   = 1.0000F,.vert.z   =-1.0000F,
                 .tex.x    = 0.3750F,.tex.y    = 0.2500F,
                 .norm.x   =-1.0000F,.norm.y   = 0.0000F,.norm.z   = 0.0000F,
                 .tang.x   = 0.0000F,.tang.y   = 0.0000F,.tang.z   = 1.0000F,
                 .binorm.x = 0.0000F,.binorm.y = 1.0000F,.binorm.z =-0.0000F,
                 .bones.x  = 0.0000F,.bones.y  = 0.0000F,.bones.z  = 0.0000F,
                 .weights.x= 0.0000F,.weights.y= 0.0000F,.weights.z= 0.0000F,
                },
                {.vert.x   =-1.0000F,.vert.y   = 1.0000F,.vert.z   = 1.0000F,
                 .tex.x    = 0.6250F,.tex.y    = 0.2500F,
                 .norm.x   = 0.0000F,.norm.y   = 1.0000F,.norm.z   = 0.0000F,
                 .tang.x   = 0.0000F,.tang.y   = 0.0000F,.tang.z   = 1.0000F,
                 .binorm.x = 1.0000F,.binorm.y = 0.0000F,.binorm.z = 0.0000F,
                 .bones.x  = 0.0000F,.bones.y  = 0.0000F,.bones.z  = 0.0000F,
                 .weights.x= 0.0000F,.weights.y= 0.0000F,.weights.z= 0.0000F,
                },
                {.vert.x   = 1.0000F,.vert.y   =-1.0000F,.vert.z   =-1.0000F,
                 .tex.x    = 0.3750F,.tex.y    = 0.7500F,
                 .norm.x   = 1.0000F,.norm.y   = 0.0000F,.norm.z   = 0.0000F,
                 .tang.x   = 0.0000F,.tang.y   = 0.0000F,.tang.z   = 1.0000F,
                 .binorm.x = 0.0000F,.binorm.y =-1.0000F,.binorm.z = 0.0000F,
                 .bones.x  = 0.0000F,.bones.y  = 0.0000F,.bones.z  = 0.0000F,
                 .weights.x= 0.0000F,.weights.y= 0.0000F,.weights.z= 0.0000F,
                },
                {.vert.x   = 1.0000F,.vert.y   = 1.0000F,.vert.z   = 1.0000F,
                 .tex.x    = 0.6250F,.tex.y    = 0.5000F,
                 .norm.x   = 0.0000F,.norm.y   = 0.0000F,.norm.z   = 1.0000F,
                 .tang.x   =-1.0000F,.tang.y   = 0.0000F,.tang.z   = 0.0000F,
                 .binorm.x = 0.0000F,.binorm.y =-1.0000F,.binorm.z = 0.0000F,
                 .bones.x  = 0.0000F,.bones.y  = 0.0000F,.bones.z  = 0.0000F,
                 .weights.x= 0.0000F,.weights.y= 0.0000F,.weights.z= 0.0000F,
                },
                {.vert.x   = 1.0000F,.vert.y   =-1.0000F,.vert.z   =-1.0000F,
                 .tex.x    = 0.3750F,.tex.y    = 0.7500F,
                 .norm.x   = 0.0000F,.norm.y   = 0.0000F,.norm.z   =-1.0000F,
                 .tang.x   = 1.0000F,.tang.y   = 0.0000F,.tang.z   = 0.0000F,
                 .binorm.x = 0.0000F,.binorm.y =-1.0000F,.binorm.z = 0.0000F,
                 .bones.x  = 0.0000F,.bones.y  = 0.0000F,.bones.z  = 0.0000F,
                 .weights.x= 0.0000F,.weights.y= 0.0000F,.weights.z= 0.0000F,
                },
                {.vert.x   = 1.0000F,.vert.y   = 1.0000F,.vert.z   =-1.0000F,
                 .tex.x    = 0.3750F,.tex.y    = 0.5000F,
                 .norm.x   = 0.0000F,.norm.y   = 0.0000F,.norm.z   =-1.0000F,
                 .tang.x   = 1.0000F,.tang.y   = 0.0000F,.tang.z   = 0.0000F,
                 .binorm.x = 0.0000F,.binorm.y =-1.0000F,.binorm.z = 0.0000F,
                 .bones.x  = 0.0000F,.bones.y  = 0.0000F,.bones.z  = 0.0000F,
                 .weights.x= 0.0000F,.weights.y= 0.0000F,.weights.z= 0.0000F,
                },
                {.vert.x   =-1.0000F,.vert.y   =-1.0000F,.vert.z   =-1.0000F,
                 .tex.x    = 0.3750F,.tex.y    = 1.0000F,
                 .norm.x   = 0.0000F,.norm.y   =-1.0000F,.norm.z   = 0.0000F,
                 .tang.x   = 0.0000F,.tang.y   = 0.0000F,.tang.z   = 1.0000F,
                 .binorm.x =-1.0000F,.binorm.y = 0.0000F,.binorm.z = 0.0000F,
                 .bones.x  = 0.0000F,.bones.y  = 0.0000F,.bones.z  = 0.0000F,
                 .weights.x= 0.0000F,.weights.y= 0.0000F,.weights.z= 0.0000F,
                },
                {.vert.x   =-1.0000F,.vert.y   =-1.0000F,.vert.z   =-1.0000F,
                 .tex.x    = 0.1250F,.tex.y    = 0.7500F,
                 .norm.x   = 0.0000F,.norm.y   = 0.0000F,.norm.z   =-1.0000F,
                 .tang.x   = 1.0000F,.tang.y   = 0.0000F,.tang.z   = 0.0000F,
                 .binorm.x = 0.0000F,.binorm.y =-1.0000F,.binorm.z = 0.0000F,
                 .bones.x  = 0.0000F,.bones.y  = 0.0000F,.bones.z  = 0.0000F,
                 .weights.x= 0.0000F,.weights.y= 0.0000F,.weights.z= 0.0000F,
                },
                {.vert.x   = 1.0000F,.vert.y   =-1.0000F,.vert.z   = 1.0000F,
                 .tex.x    = 0.6250F,.tex.y    = 0.7500F,
                 .norm.x   = 0.0000F,.norm.y   = 0.0000F,.norm.z   = 1.0000F,
                 .tang.x   =-1.0000F,.tang.y   = 0.0000F,.tang.z   = 0.0000F,
                 .binorm.x = 0.0000F,.binorm.y =-1.0000F,.binorm.z = 0.0000F,
                 .bones.x  = 0.0000F,.bones.y  = 0.0000F,.bones.z  = 0.0000F,
                 .weights.x= 0.0000F,.weights.y= 0.0000F,.weights.z= 0.0000F,
                },
                {.vert.x   = 1.0000F,.vert.y   = 1.0000F,.vert.z   =-1.0000F,
                 .tex.x    = 0.3750F,.tex.y    = 0.5000F,
                 .norm.x   = 1.0000F,.norm.y   = 0.0000F,.norm.z   = 0.0000F,
                 .tang.x   = 0.0000F,.tang.y   = 0.0000F,.tang.z   = 1.0000F,
                 .binorm.x = 0.0000F,.binorm.y =-1.0000F,.binorm.z = 0.0000F,
                 .bones.x  = 0.0000F,.bones.y  = 0.0000F,.bones.z  = 0.0000F,
                 .weights.x= 0.0000F,.weights.y= 0.0000F,.weights.z= 0.0000F,
                },
                {.vert.x   = 1.0000F,.vert.y   = 1.0000F,.vert.z   = 1.0000F,
                 .tex.x    = 0.6250F,.tex.y    = 0.5000F,
                 .norm.x   = 0.0000F,.norm.y   = 1.0000F,.norm.z   = 0.0000F,
                 .tang.x   = 0.0000F,.tang.y   = 0.0000F,.tang.z   = 1.0000F,
                 .binorm.x = 1.0000F,.binorm.y = 0.0000F,.binorm.z = 0.0000F,
                 .bones.x  = 0.0000F,.bones.y  = 0.0000F,.bones.z  = 0.0000F,
                 .weights.x= 0.0000F,.weights.y= 0.0000F,.weights.z= 0.0000F,
                },
                {.vert.x   = 1.0000F,.vert.y   =-1.0000F,.vert.z   = 1.0000F,
                 .tex.x    = 0.6250F,.tex.y    = 0.7500F,
                 .norm.x   = 1.0000F,.norm.y   = 0.0000F,.norm.z   = 0.0000F,
                 .tang.x   = 0.0000F,.tang.y   = 0.0000F,.tang.z   = 1.0000F,
                 .binorm.x = 0.0000F,.binorm.y =-1.0000F,.binorm.z = 0.0000F,
                 .bones.x  = 0.0000F,.bones.y  = 0.0000F,.bones.z  = 0.0000F,
                 .weights.x= 0.0000F,.weights.y= 0.0000F,.weights.z= 0.0000F,
                },
                {.vert.x   =-1.0000F,.vert.y   =-1.0000F,.vert.z   = 1.0000F,
                 .tex.x    = 0.8750F,.tex.y    = 0.7500F,
                 .norm.x   = 0.0000F,.norm.y   = 0.0000F,.norm.z   = 1.0000F,
                 .tang.x   =-1.0000F,.tang.y   = 0.0000F,.tang.z   = 0.0000F,
                 .binorm.x = 0.0000F,.binorm.y =-1.0000F,.binorm.z = 0.0000F,
                 .bones.x  = 0.0000F,.bones.y  = 0.0000F,.bones.z  = 0.0000F,
                 .weights.x= 0.0000F,.weights.y= 0.0000F,.weights.z= 0.0000F,
                },
                {.vert.x   =-1.0000F,.vert.y   =-1.0000F,.vert.z   = 1.0000F,
                 .tex.x    = 0.6250F,.tex.y    = 1.0000F,
                 .norm.x   = 0.0000F,.norm.y   =-1.0000F,.norm.z   = 0.0000F,
                 .tang.x   = 0.0000F,.tang.y   = 0.0000F,.tang.z   = 1.0000F,
                 .binorm.x =-1.0000F,.binorm.y = 0.0000F,.binorm.z = 0.0000F,
                 .bones.x  = 0.0000F,.bones.y  = 0.0000F,.bones.z  = 0.0000F,
                 .weights.x= 0.0000F,.weights.y= 0.0000F,.weights.z= 0.0000F,
                },
                {.vert.x   = 1.0000F,.vert.y   =-1.0000F,.vert.z   =-1.0000F,
                 .tex.x    = 0.3750F,.tex.y    = 0.7500F,
                 .norm.x   = 0.0000F,.norm.y   =-1.0000F,.norm.z   = 0.0000F,
                 .tang.x   = 0.0000F,.tang.y   = 0.0000F,.tang.z   = 1.0000F,
                 .binorm.x =-1.0000F,.binorm.y = 0.0000F,.binorm.z = 0.0000F,
                 .bones.x  = 0.0000F,.bones.y  = 0.0000F,.bones.z  = 0.0000F,
                 .weights.x= 0.0000F,.weights.y= 0.0000F,.weights.z= 0.0000F,
                },
                {.vert.x   =-1.0000F,.vert.y   = 1.0000F,.vert.z   =-1.0000F,
                 .tex.x    = 0.1250F,.tex.y    = 0.5000F,
                 .norm.x   = 0.0000F,.norm.y   = 0.0000F,.norm.z   =-1.0000F,
                 .tang.x   = 1.0000F,.tang.y   = 0.0000F,.tang.z   = 0.0000F,
                 .binorm.x = 0.0000F,.binorm.y =-1.0000F,.binorm.z = 0.0000F,
                 .bones.x  = 0.0000F,.bones.y  = 0.0000F,.bones.z  = 0.0000F,
                 .weights.x= 0.0000F,.weights.y= 0.0000F,.weights.z= 0.0000F,
                },
                {.vert.x   =-1.0000F,.vert.y   = 1.0000F,.vert.z   =-1.0000F,
                 .tex.x    = 0.3750F,.tex.y    = 0.2500F,
                 .norm.x   = 0.0000F,.norm.y   = 1.0000F,.norm.z   = 0.0000F,
                 .tang.x   = 0.0000F,.tang.y   = 0.0000F,.tang.z   = 1.0000F,
                 .binorm.x = 1.0000F,.binorm.y = 0.0000F,.binorm.z = 0.0000F,
                 .bones.x  = 0.0000F,.bones.y  = 0.0000F,.bones.z  = 0.0000F,
                 .weights.x= 0.0000F,.weights.y= 0.0000F,.weights.z= 0.0000F,
                },
                {.vert.x   =-1.0000F,.vert.y   = 1.0000F,.vert.z   = 1.0000F,
                 .tex.x    = 0.6250F,.tex.y    = 0.2500F,
                 .norm.x   =-1.0000F,.norm.y   = 0.0000F,.norm.z   = 0.0000F,
                 .tang.x   = 0.0000F,.tang.y   = 0.0000F,.tang.z   = 1.0000F,
                 .binorm.x = 0.0000F,.binorm.y = 1.0000F,.binorm.z =-0.0000F,
                 .bones.x  = 0.0000F,.bones.y  = 0.0000F,.bones.z  = 0.0000F,
                 .weights.x= 0.0000F,.weights.y= 0.0000F,.weights.z= 0.0000F,
                },
                {.vert.x   = 1.0000F,.vert.y   =-1.0000F,.vert.z   = 1.0000F,
                 .tex.x    = 0.6250F,.tex.y    = 0.7500F,
                 .norm.x   = 0.0000F,.norm.y   =-1.0000F,.norm.z   = 0.0000F,
                 .tang.x   = 0.0000F,.tang.y   = 0.0000F,.tang.z   = 1.0000F,
                 .binorm.x =-1.0000F,.binorm.y = 0.0000F,.binorm.z = 0.0000F,
                 .bones.x  = 0.0000F,.bones.y  = 0.0000F,.bones.z  = 0.0000F,
                 .weights.x= 0.0000F,.weights.y= 0.0000F,.weights.z= 0.0000F,
                },
                {.vert.x   = 1.0000F,.vert.y   = 1.0000F,.vert.z   = 1.0000F,
                 .tex.x    = 0.6250F,.tex.y    = 0.5000F,
                 .norm.x   = 1.0000F,.norm.y   = 0.0000F,.norm.z   = 0.0000F,
                 .tang.x   = 0.0000F,.tang.y   = 0.0000F,.tang.z   = 1.0000F,
                 .binorm.x = 0.0000F,.binorm.y =-1.0000F,.binorm.z = 0.0000F,
                 .bones.x  = 0.0000F,.bones.y  = 0.0000F,.bones.z  = 0.0000F,
                 .weights.x= 0.0000F,.weights.y= 0.0000F,.weights.z= 0.0000F,
                },
                {.vert.x   = 1.0000F,.vert.y   = 1.0000F,.vert.z   =-1.0000F,
                 .tex.x    = 0.3750F,.tex.y    = 0.5000F,
                 .norm.x   = 0.0000F,.norm.y   = 1.0000F,.norm.z   = 0.0000F,
                 .tang.x   = 0.0000F,.tang.y   = 0.0000F,.tang.z   = 1.0000F,
                 .binorm.x = 1.0000F,.binorm.y = 0.0000F,.binorm.z = 0.0000F,
                 .bones.x  = 0.0000F,.bones.y  = 0.0000F,.bones.z  = 0.0000F,
                 .weights.x= 0.0000F,.weights.y= 0.0000F,.weights.z= 0.0000F,
                },
                {.vert.x   =-1.0000F,.vert.y   =-1.0000F,.vert.z   = 1.0000F,
                 .tex.x    = 0.6250F,.tex.y    = 0.0000F,
                 .norm.x   =-1.0000F,.norm.y   = 0.0000F,.norm.z   = 0.0000F,
                 .tang.x   = 0.0000F,.tang.y   = 0.0000F,.tang.z   = 1.0000F,
                 .binorm.x = 0.0000F,.binorm.y = 1.0000F,.binorm.z =-0.0000F,
                 .bones.x  = 0.0000F,.bones.y  = 0.0000F,.bones.z  = 0.0000F,
                 .weights.x= 0.0000F,.weights.y= 0.0000F,.weights.z= 0.0000F,
                },
                {.vert.x   =-1.0000F,.vert.y   =-1.0000F,.vert.z   =-1.0000F,
                 .tex.x    = 0.3750F,.tex.y    = 0.0000F,
                 .norm.x   =-1.0000F,.norm.y   = 0.0000F,.norm.z   = 0.0000F,
                 .tang.x   = 0.0000F,.tang.y   = 0.0000F,.tang.z   = 1.0000F,
                 .binorm.x = 0.0000F,.binorm.y = 1.0000F,.binorm.z =-0.0000F,
                 .bones.x  = 0.0000F,.bones.y  = 0.0000F,.bones.z  = 0.0000F,
                 .weights.x= 0.0000F,.weights.y= 0.0000F,.weights.z= 0.0000F,
                },
        };
        
        static const unsigned indices[] = {
                0, 9, 4,
                0, 13, 9,
                19, 7, 15,
                19, 14, 7,
                22, 1, 23,
                22, 18, 1,
                6, 8, 16,
                6, 5, 8,
                20, 3, 10,
                20, 12, 3,
                2, 21, 17,
                2, 11, 21
        };
        
        size_t nvertices = sizeof(vertices) / sizeof(*vertices);
        size_t nindices = sizeof(indices) / sizeof(*indices);
        
        geometry_initFromArray(geo, name,
                               vertices, nvertices, indices, nindices);
}

void geometry_initIcosphere(struct geometry *const geo,
                            const char *const name,
                            const unsigned subdivisions) {
        static const struct vertex vertices[] = {
                {.vert.x   =-0.2764F,.vert.y   =-0.8506F,.vert.z   =-0.4472F,
                 .tex.x    = 0.9091F,.tex.y    = 0.1575F,
                 .norm.x   =-0.3035F,.norm.y   =-0.9342F,.norm.z   = 0.1876F,
                 .tang.x   =-0.9511F,.tang.y   = 0.3090F,.tang.z   = 0.0000F,
                 .binorm.x = 0.0580F,.binorm.y = 0.1784F,.binorm.z = 0.9822F,
                 .bones.x  = 0.0000F,.bones.y  = 0.0000F,.bones.z  = 0.0000F,
                 .weights.x= 0.0000F,.weights.y= 0.0000F,.weights.z= 0.0000F,
                },
                {.vert.x   =-0.7236F,.vert.y   =-0.5257F,.vert.z   = 0.4472F,
                 .tex.x    = 0.0909F,.tex.y    = 0.3149F,
                 .norm.x   =-0.7946F,.norm.y   =-0.5774F,.norm.z   =-0.1876F,
                 .tang.x   =-0.5878F,.tang.y   = 0.8090F,.tang.z   =-0.0000F,
                 .binorm.x =-0.1518F,.binorm.y =-0.1103F,.binorm.z = 0.9822F,
                 .bones.x  = 0.0000F,.bones.y  = 0.0000F,.bones.z  = 0.0000F,
                 .weights.x= 0.0000F,.weights.y= 0.0000F,.weights.z= 0.0000F,
                },
                {.vert.x   = 0.2764F,.vert.y   = 0.8506F,.vert.z   = 0.4472F,
                 .tex.x    = 0.4545F,.tex.y    = 0.3149F,
                 .norm.x   =-0.1876F,.norm.y   = 0.5774F,.norm.z   = 0.7947F,
                 .tang.x   = 0.9511F,.tang.y   = 0.3090F,.tang.z   = 0.0000F,
                 .binorm.x = 0.2456F,.binorm.y =-0.7558F,.binorm.z = 0.6071F,
                 .bones.x  = 0.0000F,.bones.y  = 0.0000F,.bones.z  = 0.0000F,
                 .weights.x= 0.0000F,.weights.y= 0.0000F,.weights.z= 0.0000F,
                },
                {.vert.x   = 0.8944F,.vert.y   = 0.0000F,.vert.z   = 0.4472F,
                 .tex.x    = 0.6364F,.tex.y    = 0.3149F,
                 .norm.x   = 0.4911F,.norm.y   =-0.3568F,.norm.z   = 0.7947F,
                 .tang.x   =-0.5878F,.tang.y   =-0.8090F,.tang.z   = 0.0000F,
                 .binorm.x =-0.6429F,.binorm.y = 0.4671F,.binorm.z = 0.6071F,
                 .bones.x  = 0.0000F,.bones.y  = 0.0000F,.bones.z  = 0.0000F,
                 .weights.x= 0.0000F,.weights.y= 0.0000F,.weights.z= 0.0000F,
                },
                {.vert.x   =-0.8944F,.vert.y   = 0.0000F,.vert.z   =-0.4472F,
                 .tex.x    = 0.1818F,.tex.y    = 0.1575F,
                 .norm.x   =-0.4911F,.norm.y   = 0.3568F,.norm.z   =-0.7947F,
                 .tang.x   = 0.5878F,.tang.y   = 0.8090F,.tang.z   =-0.0000F,
                 .binorm.x =-0.6429F,.binorm.y = 0.4671F,.binorm.z = 0.6071F,
                 .bones.x  = 0.0000F,.bones.y  = 0.0000F,.bones.z  = 0.0000F,
                 .weights.x= 0.0000F,.weights.y= 0.0000F,.weights.z= 0.0000F,
                },
                {.vert.x   =-0.7236F,.vert.y   =-0.5257F,.vert.z   = 0.4472F,
                 .tex.x    = 1.0000F,.tex.y    = 0.3149F,
                 .norm.x   =-0.3035F,.norm.y   =-0.9342F,.norm.z   = 0.1876F,
                 .tang.x   =-0.9511F,.tang.y   = 0.3090F,.tang.z   = 0.0000F,
                 .binorm.x = 0.0580F,.binorm.y = 0.1784F,.binorm.z = 0.9822F,
                 .bones.x  = 0.0000F,.bones.y  = 0.0000F,.bones.z  = 0.0000F,
                 .weights.x= 0.0000F,.weights.y= 0.0000F,.weights.z= 0.0000F,
                },
                {.vert.x   =-0.7236F,.vert.y   = 0.5257F,.vert.z   = 0.4472F,
                 .tex.x    = 0.2727F,.tex.y    = 0.3149F,
                 .norm.x   =-0.1876F,.norm.y   = 0.5774F,.norm.z   = 0.7947F,
                 .tang.x   = 0.9511F,.tang.y   = 0.3090F,.tang.z   = 0.0000F,
                 .binorm.x = 0.2456F,.binorm.y =-0.7558F,.binorm.z = 0.6071F,
                 .bones.x  = 0.0000F,.bones.y  = 0.0000F,.bones.z  = 0.0000F,
                 .weights.x= 0.0000F,.weights.y= 0.0000F,.weights.z= 0.0000F,
                },
                {.vert.x   = 0.7236F,.vert.y   = 0.5257F,.vert.z   =-0.4472F,
                 .tex.x    = 0.5455F,.tex.y    = 0.1575F,
                 .norm.x   = 0.9822F,.norm.y   = 0.0000F,.norm.z   =-0.1876F,
                 .tang.x   = 0.0000F,.tang.y   =-1.0000F,.tang.z   = 0.0000F,
                 .binorm.x = 0.1876F,.binorm.y = 0.0000F,.binorm.z = 0.9822F,
                 .bones.x  = 0.0000F,.bones.y  = 0.0000F,.bones.z  = 0.0000F,
                 .weights.x= 0.0000F,.weights.y= 0.0000F,.weights.z= 0.0000F,
                },
                {.vert.x   =-0.8944F,.vert.y   = 0.0000F,.vert.z   =-0.4472F,
                 .tex.x    = 0.1818F,.tex.y    = 0.1575F,
                 .norm.x   =-0.7946F,.norm.y   = 0.5774F,.norm.z   =-0.1876F,
                 .tang.x   = 0.5878F,.tang.y   = 0.8090F,.tang.z   = 0.0000F,
                 .binorm.x =-0.1518F,.binorm.y = 0.1103F,.binorm.z = 0.9822F,
                 .bones.x  = 0.0000F,.bones.y  = 0.0000F,.bones.z  = 0.0000F,
                 .weights.x= 0.0000F,.weights.y= 0.0000F,.weights.z= 0.0000F,
                },
                {.vert.x   =-0.2764F,.vert.y   = 0.8506F,.vert.z   =-0.4472F,
                 .tex.x    = 0.3636F,.tex.y    = 0.1575F,
                 .norm.x   =-0.7946F,.norm.y   = 0.5774F,.norm.z   =-0.1876F,
                 .tang.x   = 0.5878F,.tang.y   = 0.8090F,.tang.z   = 0.0000F,
                 .binorm.x =-0.1518F,.binorm.y = 0.1103F,.binorm.z = 0.9822F,
                 .bones.x  = 0.0000F,.bones.y  = 0.0000F,.bones.z  = 0.0000F,
                 .weights.x= 0.0000F,.weights.y= 0.0000F,.weights.z= 0.0000F,
                },
                {.vert.x   =-0.2764F,.vert.y   =-0.8506F,.vert.z   =-0.4472F,
                 .tex.x    = 0.9091F,.tex.y    = 0.1575F,
                 .norm.x   = 0.1876F,.norm.y   =-0.5774F,.norm.z   =-0.7947F,
                 .tang.x   =-0.9511F,.tang.y   =-0.3090F,.tang.z   = 0.0000F,
                 .binorm.x = 0.2456F,.binorm.y =-0.7558F,.binorm.z = 0.6071F,
                 .bones.x  = 0.0000F,.bones.y  = 0.0000F,.bones.z  = 0.0000F,
                 .weights.x= 0.0000F,.weights.y= 0.0000F,.weights.z= 0.0000F,
                },
                {.vert.x   = 0.2764F,.vert.y   =-0.8506F,.vert.z   = 0.4472F,
                 .tex.x    = 0.8182F,.tex.y    = 0.3149F,
                 .norm.x   = 0.4911F,.norm.y   =-0.3568F,.norm.z   = 0.7947F,
                 .tang.x   =-0.5878F,.tang.y   =-0.8090F,.tang.z   = 0.0000F,
                 .binorm.x =-0.6429F,.binorm.y = 0.4671F,.binorm.z = 0.6071F,
                 .bones.x  = 0.0000F,.bones.y  = 0.0000F,.bones.z  = 0.0000F,
                 .weights.x= 0.0000F,.weights.y= 0.0000F,.weights.z= 0.0000F,
                },
                {.vert.x   = 0.7236F,.vert.y   =-0.5257F,.vert.z   =-0.4472F,
                 .tex.x    = 0.7273F,.tex.y    = 0.1575F,
                 .norm.x   = 0.6071F,.norm.y   = 0.0000F,.norm.z   =-0.7947F,
                 .tang.x   = 0.0000F,.tang.y   =-1.0000F,.tang.z   = 0.0000F,
                 .binorm.x = 0.7947F,.binorm.y = 0.0000F,.binorm.z = 0.6071F,
                 .bones.x  = 0.0000F,.bones.y  = 0.0000F,.bones.z  = 0.0000F,
                 .weights.x= 0.0000F,.weights.y= 0.0000F,.weights.z= 0.0000F,
                },
                {.vert.x   =-0.2764F,.vert.y   = 0.8506F,.vert.z   =-0.4472F,
                 .tex.x    = 0.3636F,.tex.y    = 0.1575F,
                 .norm.x   =-0.3035F,.norm.y   = 0.9342F,.norm.z   = 0.1876F,
                 .tang.x   = 0.9511F,.tang.y   = 0.3090F,.tang.z   =-0.0000F,
                 .binorm.x = 0.0580F,.binorm.y =-0.1784F,.binorm.z = 0.9822F,
                 .bones.x  = 0.0000F,.bones.y  = 0.0000F,.bones.z  = 0.0000F,
                 .weights.x= 0.0000F,.weights.y= 0.0000F,.weights.z= 0.0000F,
                },
                {.vert.x   = 0.2764F,.vert.y   = 0.8506F,.vert.z   = 0.4472F,
                 .tex.x    = 0.4545F,.tex.y    = 0.3149F,
                 .norm.x   = 0.3035F,.norm.y   = 0.9342F,.norm.z   =-0.1876F,
                 .tang.x   = 0.9511F,.tang.y   =-0.3090F,.tang.z   =-0.0000F,
                 .binorm.x = 0.0580F,.binorm.y = 0.1784F,.binorm.z = 0.9822F,
                 .bones.x  = 0.0000F,.bones.y  = 0.0000F,.bones.z  = 0.0000F,
                 .weights.x= 0.0000F,.weights.y= 0.0000F,.weights.z= 0.0000F,
                },
                {.vert.x   = 0.7236F,.vert.y   =-0.5257F,.vert.z   =-0.4472F,
                 .tex.x    = 0.7273F,.tex.y    = 0.1575F,
                 .norm.x   = 0.9822F,.norm.y   = 0.0000F,.norm.z   =-0.1876F,
                 .tang.x   = 0.0000F,.tang.y   =-1.0000F,.tang.z   = 0.0000F,
                 .binorm.x = 0.1876F,.binorm.y = 0.0000F,.binorm.z = 0.9822F,
                 .bones.x  = 0.0000F,.bones.y  = 0.0000F,.bones.z  = 0.0000F,
                 .weights.x= 0.0000F,.weights.y= 0.0000F,.weights.z= 0.0000F,
                },
                {.vert.x   = 0.7236F,.vert.y   =-0.5257F,.vert.z   =-0.4472F,
                 .tex.x    = 0.7273F,.tex.y    = 0.1575F,
                 .norm.x   = 0.7946F,.norm.y   =-0.5774F,.norm.z   = 0.1876F,
                 .tang.x   =-0.5878F,.tang.y   =-0.8090F,.tang.z   =-0.0000F,
                 .binorm.x =-0.1518F,.binorm.y = 0.1103F,.binorm.z = 0.9822F,
                 .bones.x  = 0.0000F,.bones.y  = 0.0000F,.bones.z  = 0.0000F,
                 .weights.x= 0.0000F,.weights.y= 0.0000F,.weights.z= 0.0000F,
                },
                {.vert.x   = 0.2764F,.vert.y   =-0.8506F,.vert.z   = 0.4472F,
                 .tex.x    = 0.8182F,.tex.y    = 0.3149F,
                 .norm.x   = 0.3035F,.norm.y   =-0.9342F,.norm.z   =-0.1876F,
                 .tang.x   =-0.9511F,.tang.y   =-0.3090F,.tang.z   = 0.0000F,
                 .binorm.x = 0.0580F,.binorm.y =-0.1784F,.binorm.z = 0.9822F,
                 .bones.x  = 0.0000F,.bones.y  = 0.0000F,.bones.z  = 0.0000F,
                 .weights.x= 0.0000F,.weights.y= 0.0000F,.weights.z= 0.0000F,
                },
                {.vert.x   = 0.2764F,.vert.y   = 0.8506F,.vert.z   = 0.4472F,
                 .tex.x    = 0.4545F,.tex.y    = 0.3149F,
                 .norm.x   =-0.3035F,.norm.y   = 0.9342F,.norm.z   = 0.1876F,
                 .tang.x   = 0.9511F,.tang.y   = 0.3090F,.tang.z   =-0.0000F,
                 .binorm.x = 0.0580F,.binorm.y =-0.1784F,.binorm.z = 0.9822F,
                 .bones.x  = 0.0000F,.bones.y  = 0.0000F,.bones.z  = 0.0000F,
                 .weights.x= 0.0000F,.weights.y= 0.0000F,.weights.z= 0.0000F,
                },
                {.vert.x   = 0.0000F,.vert.y   = 0.0000F,.vert.z   = 1.0000F,
                 .tex.x    = 0.7273F,.tex.y    = 0.4724F,
                 .norm.x   = 0.4911F,.norm.y   =-0.3568F,.norm.z   = 0.7947F,
                 .tang.x   =-0.5878F,.tang.y   =-0.8090F,.tang.z   = 0.0000F,
                 .binorm.x =-0.6429F,.binorm.y = 0.4671F,.binorm.z = 0.6071F,
                 .bones.x  = 0.0000F,.bones.y  = 0.0000F,.bones.z  = 0.0000F,
                 .weights.x= 0.0000F,.weights.y= 0.0000F,.weights.z= 0.0000F,
                },
                {.vert.x   = 0.2764F,.vert.y   =-0.8506F,.vert.z   = 0.4472F,
                 .tex.x    = 0.8182F,.tex.y    = 0.3149F,
                 .norm.x   = 0.7946F,.norm.y   =-0.5774F,.norm.z   = 0.1876F,
                 .tang.x   =-0.5878F,.tang.y   =-0.8090F,.tang.z   =-0.0000F,
                 .binorm.x =-0.1518F,.binorm.y = 0.1103F,.binorm.z = 0.9822F,
                 .bones.x  = 0.0000F,.bones.y  = 0.0000F,.bones.z  = 0.0000F,
                 .weights.x= 0.0000F,.weights.y= 0.0000F,.weights.z= 0.0000F,
                },
                {.vert.x   = 0.0000F,.vert.y   = 0.0000F,.vert.z   = 1.0000F,
                 .tex.x    = 0.9091F,.tex.y    = 0.4724F,
                 .norm.x   =-0.1876F,.norm.y   =-0.5774F,.norm.z   = 0.7947F,
                 .tang.x   =-0.9511F,.tang.y   = 0.3090F,.tang.z   = 0.0000F,
                 .binorm.x = 0.2456F,.binorm.y = 0.7558F,.binorm.z = 0.6071F,
                 .bones.x  = 0.0000F,.bones.y  = 0.0000F,.bones.z  = 0.0000F,
                 .weights.x= 0.0000F,.weights.y= 0.0000F,.weights.z= 0.0000F,
                },
                {.vert.x   =-0.7236F,.vert.y   = 0.5257F,.vert.z   = 0.4472F,
                 .tex.x    = 0.2727F,.tex.y    = 0.3149F,
                 .norm.x   =-0.6071F,.norm.y   = 0.0000F,.norm.z   = 0.7947F,
                 .tang.x   = 0.0000F,.tang.y   = 1.0000F,.tang.z   = 0.0000F,
                 .binorm.x = 0.7947F,.binorm.y =-0.0000F,.binorm.z = 0.6071F,
                 .bones.x  = 0.0000F,.bones.y  = 0.0000F,.bones.z  = 0.0000F,
                 .weights.x= 0.0000F,.weights.y= 0.0000F,.weights.z= 0.0000F,
                },
                {.vert.x   =-0.7236F,.vert.y   =-0.5257F,.vert.z   = 0.4472F,
                 .tex.x    = 0.0909F,.tex.y    = 0.3149F,
                 .norm.x   =-0.9822F,.norm.y   = 0.0000F,.norm.z   = 0.1876F,
                 .tang.x   = 0.0000F,.tang.y   = 1.0000F,.tang.z   = 0.0000F,
                 .binorm.x = 0.1876F,.binorm.y =-0.0000F,.binorm.z = 0.9822F,
                 .bones.x  = 0.0000F,.bones.y  = 0.0000F,.bones.z  = 0.0000F,
                 .weights.x= 0.0000F,.weights.y= 0.0000F,.weights.z= 0.0000F,
                },
                {.vert.x   =-0.2764F,.vert.y   = 0.8506F,.vert.z   =-0.4472F,
                 .tex.x    = 0.3636F,.tex.y    = 0.1575F,
                 .norm.x   =-0.4911F,.norm.y   = 0.3568F,.norm.z   =-0.7947F,
                 .tang.x   = 0.5878F,.tang.y   = 0.8090F,.tang.z   =-0.0000F,
                 .binorm.x =-0.6429F,.binorm.y = 0.4671F,.binorm.z = 0.6071F,
                 .bones.x  = 0.0000F,.bones.y  = 0.0000F,.bones.z  = 0.0000F,
                 .weights.x= 0.0000F,.weights.y= 0.0000F,.weights.z= 0.0000F,
                },
                {.vert.x   = 0.0000F,.vert.y   = 0.0000F,.vert.z   = 1.0000F,
                 .tex.x    = 0.1818F,.tex.y    = 0.4724F,
                 .norm.x   =-0.6071F,.norm.y   = 0.0000F,.norm.z   = 0.7947F,
                 .tang.x   = 0.0000F,.tang.y   = 1.0000F,.tang.z   = 0.0000F,
                 .binorm.x = 0.7947F,.binorm.y =-0.0000F,.binorm.z = 0.6071F,
                 .bones.x  = 0.0000F,.bones.y  = 0.0000F,.bones.z  = 0.0000F,
                 .weights.x= 0.0000F,.weights.y= 0.0000F,.weights.z= 0.0000F,
                },
                {.vert.x   = 0.8944F,.vert.y   = 0.0000F,.vert.z   = 0.4472F,
                 .tex.x    = 0.6364F,.tex.y    = 0.3149F,
                 .norm.x   = 0.4911F,.norm.y   = 0.3568F,.norm.z   = 0.7947F,
                 .tang.x   = 0.5878F,.tang.y   =-0.8090F,.tang.z   =-0.0000F,
                 .binorm.x =-0.6429F,.binorm.y =-0.4671F,.binorm.z = 0.6071F,
                 .bones.x  = 0.0000F,.bones.y  = 0.0000F,.bones.z  = 0.0000F,
                 .weights.x= 0.0000F,.weights.y= 0.0000F,.weights.z= 0.0000F,
                },
                {.vert.x   =-0.8944F,.vert.y   = 0.0000F,.vert.z   =-0.4472F,
                 .tex.x    = 0.1818F,.tex.y    = 0.1575F,
                 .norm.x   =-0.7946F,.norm.y   =-0.5774F,.norm.z   =-0.1876F,
                 .tang.x   =-0.5878F,.tang.y   = 0.8090F,.tang.z   =-0.0000F,
                 .binorm.x =-0.1518F,.binorm.y =-0.1103F,.binorm.z = 0.9822F,
                 .bones.x  = 0.0000F,.bones.y  = 0.0000F,.bones.z  = 0.0000F,
                 .weights.x= 0.0000F,.weights.y= 0.0000F,.weights.z= 0.0000F,
                },
                {.vert.x   = 0.0000F,.vert.y   = 0.0000F,.vert.z   = 1.0000F,
                 .tex.x    = 0.3636F,.tex.y    = 0.4724F,
                 .norm.x   =-0.1876F,.norm.y   = 0.5774F,.norm.z   = 0.7947F,
                 .tang.x   = 0.9511F,.tang.y   = 0.3090F,.tang.z   = 0.0000F,
                 .binorm.x = 0.2456F,.binorm.y =-0.7558F,.binorm.z = 0.6071F,
                 .bones.x  = 0.0000F,.bones.y  = 0.0000F,.bones.z  = 0.0000F,
                 .weights.x= 0.0000F,.weights.y= 0.0000F,.weights.z= 0.0000F,
                },
                {.vert.x   = 0.0000F,.vert.y   = 0.0000F,.vert.z   = 1.0000F,
                 .tex.x    = 0.5455F,.tex.y    = 0.4724F,
                 .norm.x   = 0.4911F,.norm.y   = 0.3568F,.norm.z   = 0.7947F,
                 .tang.x   = 0.5878F,.tang.y   =-0.8090F,.tang.z   =-0.0000F,
                 .binorm.x =-0.6429F,.binorm.y =-0.4671F,.binorm.z = 0.6071F,
                 .bones.x  = 0.0000F,.bones.y  = 0.0000F,.bones.z  = 0.0000F,
                 .weights.x= 0.0000F,.weights.y= 0.0000F,.weights.z= 0.0000F,
                },
                {.vert.x   = 0.0000F,.vert.y   = 0.0000F,.vert.z   =-1.0000F,
                 .tex.x    = 0.6364F,.tex.y    = 0.0000F,
                 .norm.x   = 0.6071F,.norm.y   = 0.0000F,.norm.z   =-0.7947F,
                 .tang.x   = 0.0000F,.tang.y   =-1.0000F,.tang.z   = 0.0000F,
                 .binorm.x = 0.7947F,.binorm.y = 0.0000F,.binorm.z = 0.6071F,
                 .bones.x  = 0.0000F,.bones.y  = 0.0000F,.bones.z  = 0.0000F,
                 .weights.x= 0.0000F,.weights.y= 0.0000F,.weights.z= 0.0000F,
                },
                {.vert.x   =-0.7236F,.vert.y   =-0.5257F,.vert.z   = 0.4472F,
                 .tex.x    = 0.0909F,.tex.y    = 0.3149F,
                 .norm.x   =-0.6071F,.norm.y   = 0.0000F,.norm.z   = 0.7947F,
                 .tang.x   = 0.0000F,.tang.y   = 1.0000F,.tang.z   = 0.0000F,
                 .binorm.x = 0.7947F,.binorm.y =-0.0000F,.binorm.z = 0.6071F,
                 .bones.x  = 0.0000F,.bones.y  = 0.0000F,.bones.z  = 0.0000F,
                 .weights.x= 0.0000F,.weights.y= 0.0000F,.weights.z= 0.0000F,
                },
                {.vert.x   =-0.2764F,.vert.y   =-0.8506F,.vert.z   =-0.4472F,
                 .tex.x    = 0.0000F,.tex.y    = 0.1575F,
                 .norm.x   =-0.4911F,.norm.y   =-0.3568F,.norm.z   =-0.7947F,
                 .tang.x   =-0.5878F,.tang.y   = 0.8090F,.tang.z   = 0.0000F,
                 .binorm.x =-0.6429F,.binorm.y =-0.4671F,.binorm.z = 0.6071F,
                 .bones.x  = 0.0000F,.bones.y  = 0.0000F,.bones.z  = 0.0000F,
                 .weights.x= 0.0000F,.weights.y= 0.0000F,.weights.z= 0.0000F,
                },
                {.vert.x   = 0.7236F,.vert.y   = 0.5257F,.vert.z   =-0.4472F,
                 .tex.x    = 0.5455F,.tex.y    = 0.1575F,
                 .norm.x   = 0.3035F,.norm.y   = 0.9342F,.norm.z   =-0.1876F,
                 .tang.x   = 0.9511F,.tang.y   =-0.3090F,.tang.z   =-0.0000F,
                 .binorm.x = 0.0580F,.binorm.y = 0.1784F,.binorm.z = 0.9822F,
                 .bones.x  = 0.0000F,.bones.y  = 0.0000F,.bones.z  = 0.0000F,
                 .weights.x= 0.0000F,.weights.y= 0.0000F,.weights.z= 0.0000F,
                },
                {.vert.x   = 0.8944F,.vert.y   = 0.0000F,.vert.z   = 0.4472F,
                 .tex.x    = 0.6364F,.tex.y    = 0.3149F,
                 .norm.x   = 0.9822F,.norm.y   = 0.0000F,.norm.z   =-0.1876F,
                 .tang.x   = 0.0000F,.tang.y   =-1.0000F,.tang.z   = 0.0000F,
                 .binorm.x = 0.1876F,.binorm.y = 0.0000F,.binorm.z = 0.9822F,
                 .bones.x  = 0.0000F,.bones.y  = 0.0000F,.bones.z  = 0.0000F,
                 .weights.x= 0.0000F,.weights.y= 0.0000F,.weights.z= 0.0000F,
                },
                {.vert.x   =-0.7236F,.vert.y   = 0.5257F,.vert.z   = 0.4472F,
                 .tex.x    = 0.2727F,.tex.y    = 0.3149F,
                 .norm.x   =-0.7946F,.norm.y   = 0.5774F,.norm.z   =-0.1876F,
                 .tang.x   = 0.5878F,.tang.y   = 0.8090F,.tang.z   = 0.0000F,
                 .binorm.x =-0.1518F,.binorm.y = 0.1103F,.binorm.z = 0.9822F,
                 .bones.x  = 0.0000F,.bones.y  = 0.0000F,.bones.z  = 0.0000F,
                 .weights.x= 0.0000F,.weights.y= 0.0000F,.weights.z= 0.0000F,
                },
                {.vert.x   =-0.8944F,.vert.y   = 0.0000F,.vert.z   =-0.4472F,
                 .tex.x    = 0.1818F,.tex.y    = 0.1575F,
                 .norm.x   =-0.9822F,.norm.y   = 0.0000F,.norm.z   = 0.1876F,
                 .tang.x   = 0.0000F,.tang.y   = 1.0000F,.tang.z   = 0.0000F,
                 .binorm.x = 0.1876F,.binorm.y =-0.0000F,.binorm.z = 0.9822F,
                 .bones.x  = 0.0000F,.bones.y  = 0.0000F,.bones.z  = 0.0000F,
                 .weights.x= 0.0000F,.weights.y= 0.0000F,.weights.z= 0.0000F,
                },
                {.vert.x   = 0.7236F,.vert.y   = 0.5257F,.vert.z   =-0.4472F,
                 .tex.x    = 0.5455F,.tex.y    = 0.1575F,
                 .norm.x   = 0.7946F,.norm.y   = 0.5774F,.norm.z   = 0.1876F,
                 .tang.x   = 0.5878F,.tang.y   =-0.8090F,.tang.z   = 0.0000F,
                 .binorm.x =-0.1518F,.binorm.y =-0.1103F,.binorm.z = 0.9822F,
                 .bones.x  = 0.0000F,.bones.y  = 0.0000F,.bones.z  = 0.0000F,
                 .weights.x= 0.0000F,.weights.y= 0.0000F,.weights.z= 0.0000F,
                },
                {.vert.x   =-0.2764F,.vert.y   =-0.8506F,.vert.z   =-0.4472F,
                 .tex.x    = 0.0000F,.tex.y    = 0.1575F,
                 .norm.x   =-0.7946F,.norm.y   =-0.5774F,.norm.z   =-0.1876F,
                 .tang.x   =-0.5878F,.tang.y   = 0.8090F,.tang.z   =-0.0000F,
                 .binorm.x =-0.1518F,.binorm.y =-0.1103F,.binorm.z = 0.9822F,
                 .bones.x  = 0.0000F,.bones.y  = 0.0000F,.bones.z  = 0.0000F,
                 .weights.x= 0.0000F,.weights.y= 0.0000F,.weights.z= 0.0000F,
                },
                {.vert.x   =-0.7236F,.vert.y   = 0.5257F,.vert.z   = 0.4472F,
                 .tex.x    = 0.2727F,.tex.y    = 0.3149F,
                 .norm.x   =-0.9822F,.norm.y   = 0.0000F,.norm.z   = 0.1876F,
                 .tang.x   = 0.0000F,.tang.y   = 1.0000F,.tang.z   = 0.0000F,
                 .binorm.x = 0.1876F,.binorm.y =-0.0000F,.binorm.z = 0.9822F,
                 .bones.x  = 0.0000F,.bones.y  = 0.0000F,.bones.z  = 0.0000F,
                 .weights.x= 0.0000F,.weights.y= 0.0000F,.weights.z= 0.0000F,
                },
                {.vert.x   =-0.7236F,.vert.y   = 0.5257F,.vert.z   = 0.4472F,
                 .tex.x    = 0.2727F,.tex.y    = 0.3149F,
                 .norm.x   =-0.3035F,.norm.y   = 0.9342F,.norm.z   = 0.1876F,
                 .tang.x   = 0.9511F,.tang.y   = 0.3090F,.tang.z   =-0.0000F,
                 .binorm.x = 0.0580F,.binorm.y =-0.1784F,.binorm.z = 0.9822F,
                 .bones.x  = 0.0000F,.bones.y  = 0.0000F,.bones.z  = 0.0000F,
                 .weights.x= 0.0000F,.weights.y= 0.0000F,.weights.z= 0.0000F,
                },
                {.vert.x   = 0.2764F,.vert.y   = 0.8506F,.vert.z   = 0.4472F,
                 .tex.x    = 0.4545F,.tex.y    = 0.3149F,
                 .norm.x   = 0.7946F,.norm.y   = 0.5774F,.norm.z   = 0.1876F,
                 .tang.x   = 0.5878F,.tang.y   =-0.8090F,.tang.z   = 0.0000F,
                 .binorm.x =-0.1518F,.binorm.y =-0.1103F,.binorm.z = 0.9822F,
                 .bones.x  = 0.0000F,.bones.y  = 0.0000F,.bones.z  = 0.0000F,
                 .weights.x= 0.0000F,.weights.y= 0.0000F,.weights.z= 0.0000F,
                },
                {.vert.x   = 0.8944F,.vert.y   = 0.0000F,.vert.z   = 0.4472F,
                 .tex.x    = 0.6364F,.tex.y    = 0.3149F,
                 .norm.x   = 0.7946F,.norm.y   = 0.5774F,.norm.z   = 0.1876F,
                 .tang.x   = 0.5878F,.tang.y   =-0.8090F,.tang.z   = 0.0000F,
                 .binorm.x =-0.1518F,.binorm.y =-0.1103F,.binorm.z = 0.9822F,
                 .bones.x  = 0.0000F,.bones.y  = 0.0000F,.bones.z  = 0.0000F,
                 .weights.x= 0.0000F,.weights.y= 0.0000F,.weights.z= 0.0000F,
